-0.000673 -0.232972 1.080159 -1.571051 0.000007 3.138260 0.000000 -1.570800 0.000000 -1.570800 0.000000 0.000000 0.554487 0.167815 0.178803 -1.946217 0.000000 -0.008527
0.461427 -0.096472 0.975599 -1.680421 -0.569241 -2.490808 0.299155 -1.876814 -0.305255 -1.273506 0.309504 -0.271745 0.554487 0.167815 0.178803 -1.946217 0.000000 -0.008527
0.712085 0.213502 0.701639 -2.141554 -0.900279 -1.568374 0.584078 -2.170564 -0.606678 -0.986922 0.619196 -0.452235 0.554487 0.167815 0.178803 -1.946217 0.000000 -0.008527
0.787566 0.339867 0.364463 -2.727257 -0.819922 -0.785004 0.634715 -2.431894 -0.903595 -0.705205 0.928093 -0.563894 0.554487 0.167815 0.178803 -1.946217 0.000000 -0.008527
0.733598 0.371553 0.234791 -2.694974 -0.578090 -0.572555 0.672048 -2.437500 -1.203711 -0.428797 1.236906 -0.571519 0.554487 0.167815 0.178803 -1.946217 0.000000 -0.008527
0.692926 0.286696 0.212376 -2.515373 -0.400556 -0.541092 0.574006 -2.333216 -1.499175 -0.152769 1.544285 -0.594885 0.554487 0.167815 0.178803 -1.946217 0.000000 -0.008527
0.614474 0.241007 0.195449 -2.333367 -0.224290 -0.441075 0.533428 -2.242814 -1.785388 0.108879 1.851356 -0.571955 0.554487 0.167815 0.178803 -1.946217 0.000000 -0.008527
0.546454 0.197033 0.193601 -2.148803 -0.093273 -0.305368 0.479263 -2.188063 -1.986644 0.318848 2.158155 -0.559786 0.554487 0.167815 0.178803 -1.946217 0.000000 -0.008527
0.530843 0.190660 0.195271 -1.995660 -0.009112 -0.102870 0.442920 -2.214611 -1.984713 0.344177 2.457200 -0.601261 0.554487 0.167815 0.178803 -1.946217 0.000000 -0.008527
0.562659 0.173064 0.185964 -1.924197 -0.029180 -0.022234 0.378406 -2.286849 -1.884880 0.285524 2.603260 -0.700660 0.554487 0.167815 0.178803 -1.946217 0.000000 -0.008527
