-0.000673 -0.232972 1.080159 -1.571051 0.000007 3.138260 0.000000 -1.570800 0.000000 -1.570800 0.000000 0.000000 0.347819 0.010009 0.051279 -3.077969 0.000000 -1.865360
0.480171 -0.119855 0.947042 -1.797414 -0.536261 -2.557984 0.235250 -1.874714 -0.305646 -1.669970 0.304600 0.138033 0.347819 0.010009 0.051279 -3.077969 0.000000 -1.865360
0.752494 0.017301 0.625545 -2.366432 -0.719651 -2.037541 0.313879 -2.173892 -0.613266 -1.625381 0.600961 0.315379 0.347819 0.010009 0.051279 -3.077969 0.000000 -1.865360
0.830376 -0.020754 0.291999 -2.743132 -0.557157 -1.986461 0.212723 -2.421848 -0.917029 -1.339306 0.902545 0.500892 0.347819 0.010009 0.051279 -3.077969 0.000000 -1.865360
0.781260 0.053824 0.098049 -2.951897 -0.336620 -1.946944 0.288238 -2.509835 -1.220897 -1.038427 1.192602 0.643680 0.347819 0.010009 0.051279 -3.077969 0.000000 -1.865360
0.702779 0.069846 0.043804 -3.052960 -0.130925 -1.902429 0.311294 -2.449990 -1.527005 -0.743791 1.414400 0.639311 0.347819 0.010009 0.051279 -3.077969 0.000000 -1.865360
0.618100 0.037604 0.031454 -3.043793 -0.027640 -1.887000 0.289773 -2.354199 -1.834167 -0.460299 1.492562 0.604280 0.347819 0.010009 0.051279 -3.077969 0.000000 -1.865360
0.517274 0.019807 0.026602 -3.039884 0.002756 -1.880188 0.308484 -2.259170 -2.141885 -0.227833 1.513045 0.618125 0.347819 0.010009 0.051279 -3.077969 0.000000 -1.865360
0.408275 0.005148 0.044433 -3.069666 0.000791 -1.887104 0.354072 -2.114937 -2.447595 -0.094040 1.524867 0.672021 0.347819 0.010009 0.051279 -3.077969 0.000000 -1.865360
0.334091 -0.001456 0.060595 -3.076094 -0.027889 -1.875283 0.423625 -2.001402 -2.652491 -0.029237 1.504216 0.729404 0.347819 0.010009 0.051279 -3.077969 0.000000 -1.865360
