-0.000673 -0.232972 1.080159 -1.571051 0.000007 3.138260 0.000000 -1.570800 0.000000 -1.570800 0.000000 0.000000 0.330337 -0.307665 0.151266 -1.759315 0.000000 -1.007214
0.451087 -0.133434 0.976203 -1.677577 -0.547457 -2.574836 0.218862 -1.875679 -0.305328 -1.271136 0.308957 -0.253018 0.330337 -0.307665 0.151266 -1.759315 0.000000 -1.007214
0.697889 -0.223622 0.714436 -2.161599 -0.925793 -2.141105 -0.012842 -2.147805 -0.609313 -1.007118 0.617346 -0.481636 0.330337 -0.307665 0.151266 -1.759315 0.000000 -1.007214
0.754919 -0.387236 0.396045 -2.619516 -0.795053 -1.789726 -0.243525 -2.389909 -0.908498 -0.713769 0.921377 -0.491856 0.330337 -0.307665 0.151266 -1.759315 0.000000 -1.007214
0.662282 -0.493600 0.134892 -2.880711 -0.552402 -1.550182 -0.436381 -2.561845 -1.197396 -0.449213 1.223631 -0.620194 0.330337 -0.307665 0.151266 -1.759315 0.000000 -1.007214
0.601473 -0.453927 0.143259 -2.643401 -0.379289 -1.515476 -0.462805 -2.426344 -1.490447 -0.181800 1.524353 -0.628496 0.330337 -0.307665 0.151266 -1.759315 0.000000 -1.007214
0.535333 -0.394371 0.114741 -2.481290 -0.201492 -1.379288 -0.472374 -2.365257 -1.769079 0.064983 1.825235 -0.645890 0.330337 -0.307665 0.151266 -1.759315 0.000000 -1.007214
0.462682 -0.335009 0.116742 -2.283180 -0.046983 -1.240815 -0.486434 -2.298217 -2.018019 0.295118 2.127025 -0.630933 0.330337 -0.307665 0.151266 -1.759315 0.000000 -1.007214
0.385090 -0.297747 0.128385 -2.073384 0.040945 -1.088390 -0.540617 -2.262219 -2.208184 0.497439 2.427910 -0.646368 0.330337 -0.307665 0.151266 -1.759315 0.000000 -1.007214
0.355658 -0.317626 0.142714 -1.881346 0.014926 -0.994713 -0.637234 -2.293030 -2.182096 0.583406 2.672185 -0.678384 0.330337 -0.307665 0.151266 -1.759315 0.000000 -1.007214
0.357751 -0.314991 0.146635 -1.841974 0.014775 -1.002391 -0.631230 -2.311795 -2.165993 0.674764 2.684968 -0.595264 0.330337 -0.307665 0.151266 -1.759315 0.000000 -1.007214
