-0.000673 -0.232972 1.080159 -1.571051 0.000007 3.138260 0.000000 -1.570800 0.000000 -1.570800 0.000000 0.000000 0.346143 0.084612 0.131432 -2.219436 0.000000 -2.609617
0.446942 -0.153288 0.970983 -1.694175 -0.168424 -2.704261 0.176263 -1.864886 -0.303687 -1.449059 0.272343 0.291429 0.346143 0.084612 0.131432 -2.219436 0.000000 -2.609617
0.735187 -0.028759 0.701493 -1.921122 -0.127414 -2.462140 0.265588 -2.151126 -0.607834 -1.174445 0.503472 0.590900 0.346143 0.084612 0.131432 -2.219436 0.000000 -2.609617
0.844107 0.028118 0.370634 -2.093322 -0.133653 -2.489781 0.292677 -2.409458 -0.914359 -0.935934 0.585986 0.888934 0.346143 0.084612 0.131432 -2.219436 0.000000 -2.609617
0.796702 0.136638 0.166273 -2.169995 -0.105001 -2.481941 0.439037 -2.502033 -1.221555 -0.776076 0.613533 1.185332 0.346143 0.084612 0.131432 -2.219436 0.000000 -2.609617
0.699342 0.183987 0.102886 -2.229086 -0.075709 -2.522691 0.554856 -2.414930 -1.528888 -0.764757 0.657563 1.469651 0.346143 0.084612 0.131432 -2.219436 0.000000 -2.609617
0.596200 0.180149 0.072666 -2.216619 -0.061426 -2.585505 0.640343 -2.301848 -1.835855 -0.750327 0.656823 1.713551 0.346143 0.084612 0.131432 -2.219436 0.000000 -2.609617
0.500776 0.148050 0.083475 -2.212040 -0.032302 -2.579865 0.703864 -2.137500 -2.142325 -0.655976 0.659890 1.809799 0.346143 0.084612 0.131432 -2.219436 0.000000 -2.609617
0.406612 0.083025 0.099418 -2.228776 -0.010874 -2.628293 0.729407 -1.936765 -2.445075 -0.616699 0.690533 1.921025 0.346143 0.084612 0.131432 -2.219436 0.000000 -2.609617
0.348330 0.058239 0.107054 -2.230260 -0.008716 -2.656351 0.792071 -1.790231 -2.599284 -0.707265 0.721497 2.053296 0.346143 0.084612 0.131432 -2.219436 0.000000 -2.609617
